5.767249620397264520e-01
5.781746750228414777e-01
5.864068763578895727e-01
5.981557748555897946e-01
6.133738975597924359e-01
6.304380655556639512e-01
6.479006611253554926e-01
6.641909178803199199e-01
6.778684414150538684e-01
6.877198979023506631e-01
6.928736144589161539e-01
6.928736144589155987e-01
6.877198979023489978e-01
6.778684414150512039e-01
6.641909178803165892e-01
6.479006611253511627e-01
6.304380655556596214e-01
6.133738975597876619e-01
5.981557748555850207e-01
5.864068763578845767e-01
5.781746750228361487e-01
5.767249620397213450e-01
