5.773831176352737238e-01
5.777660921872315170e-01
5.799957418152109634e-01
5.833271898144237744e-01
5.879560386334888866e-01
5.936998616820877706e-01
6.004430142198936560e-01
6.080215377473952021e-01
6.162586019835358808e-01
6.249602656012310797e-01
6.339223255365105114e-01
6.429345301931499446e-01
6.517856833226159941e-01
6.602685467588554902e-01
6.681846873107685214e-01
6.753490867788535246e-01
6.815944292073370381e-01
6.867749646098932903e-01
6.907698653450312642e-01
6.934860017178536840e-01
6.948600771238974128e-01
6.948600771238973017e-01
6.934860017178536840e-01
6.907698653450312642e-01
6.867749646098932903e-01
6.815944292073369271e-01
6.753490867788535246e-01
6.681846873107685214e-01
6.602685467588554902e-01
6.517856833226158830e-01
6.429345301931499446e-01
6.339223255365106224e-01
6.249602656012311908e-01
6.162586019835358808e-01
6.080215377473952021e-01
6.004430142198937670e-01
5.936998616820877706e-01
5.879560386334888866e-01
5.833271898144236633e-01
5.799957418152110744e-01
5.777660921872315170e-01
5.773831176352739458e-01
